145
122
138
162
116
146
189
165
171
119
206
167
199
141
202
126
135
121
208
167
143
138
213
134
193
148
187
196
160
193
205
162
132
147
230
211
209
171
142
232
183
178
149
171
151
162
214
177
219
241
219
165
217
249
167
190
156
186
240
249
206
256
250
207
198
198
207
229
244
198
261
192
233
199
273
193
218
234
254
204
266
277
241
249
234
253
205
280
225
196
289
225
196
213
244
212
225
207
222
256
280
228
249
223
220
206
257
218
235
248
276
217
299
282
311
301
296
301
257
227
249
311
228
314
266
273
320
258
264
233
307
252
326
294
248
285
258
316
325
249
286
309
292
255
308
245
246
300
285
306
276
348
252
273
307
309
347
340
351
265
279
355
325
277
285
334
266
269
352
312
280
365
305
322
315
322
370
283
352
279
319
294
308
324
324
291
373
375
364
340
351
309
306
306
313
330
357
330
338
361
322
338
394
379
326
344
330
311
325
385
343
403
395
393
341
324
327
317
383
417
375
396
375
379
334
372
380
411
372
363
394
341
414
361
360
420
427
386
339
395
356
359
399
355
354
387
413
439
439
351
373
410
400
414
361
442
362
417
448
400
450
414
414
383
393
423
428
448
400
457
400
417
390
389
380
452
422
461
395
408
386
412
401
429
400
462
433
420
435
475
443
467
417
479
422
426
481
476
472
416
493
436
447
410
492
457
481
428
476
458
431
470
492
465
423
490
497
483
490
442
509
421
460
499
425
470
512
484
450
517
433
528
500
501
519
467
499
513
506
441
491
501
454
538
446
472
541
516
528
474
542
491
483
548
467
467
533
529
495
547
540
519
496
542
492
499
512
509
538
495
559
502
549
531
529
501
538
483
504
491
559
547
498
501
484
577
547
507
502
508
567
505
584
570
585
527
518
591
539
578
508
531
583
527
536
543
592
590
508
589
551
572
546
570
579
564
526
560
578
583
548
531
610
545
541
538
618
621
571
576
568
565
549
558
599
605
555
598
598
572
559
613
584
616
608
588
596
640
570
572
589
593
604
605
587
621
602
619
582
625
582
649
659
599
662
569
575
635
570
573
588
583
597
601
586
577
644
594
649
629
671
613
604
593
602
595
644
643
671
688
592
627
642
654
615
628
637
600
680
646
620
699
633
650
670
677
676
640
675
639
635
613
697
680
619
703
667
686
703
678
671
703
721
653
687
693
690
711
704
711
658
686
661
636
688
686
734
735
675
706
680
677
694
724
722
740
719
739
723
680
702
732
737
674
703
698
684
739
689
671
718
686
700
705
752
674
751
717
687
722
752
738
739
734
688
715
759
737
717
749
758
705
749
743
690
706
729
779
761
694
743
714
701
745
754
772
749
773
793
727
785
785
791
746
742
732
717
768
798
726
760
779
733
735
718
811
759
806
809
806
773
794
786
747
735
821
786
820
767
755
751
769
737
782
809
783
782
752
765
834
771
817
783
806
840
840
789
757
825
803
789
783
811
762
822
767
852
811
809
829
850
833
854
798
774
770
782
862
772
835
848
811
782
785
815
793
791
798
859
840
785
867
823
804
840
801
833
877
877
830
836
871
887
854
819
809
811
813
807
818
894
831
872
843
824
831
822
868
816
823
898
846
875
833
890
837
895
817
828
833
863
910
895
858
913
832
876
845
856
860
876
847
861
905
900
932
924
865
859
869
857
904
860
913
935
941
868
867
885
920
943
919
874
875
910
917
936
926
875
917
942
880
925
950
881
922
957
876
930
964
905
919
882
968
969
884
965
902
879
883
960
885
947
919
950
972
982
928
924
902
951
989
922
908
985
909
900
902
949
994
977
935
965
926
906
1001
946
929
965
931
1000
940
1004
941
1006
941
1010
985
995
923
959
980
955
928
939
953
1014
1016
937
950
930
1030
934
942
938
1027
970
1005
1034
1022
1012
977
1003
1020
988
1015
1034
1038
1040
1038
1044
979
1021
1026
957
1031
1017
1015
1008
981
1056
1055
980
1062
1038
1033
1001
983
969
1035
1029
1038
998
1061
1035
983
1018
1038
1039
1071
1049
1044
1050
1077
1076
1045
997
1033
1009
1043
1063
1045
1019
1049
997
1052
1063
1056
1070
1010
1060
1010
1014
1074
1079
1048
1100
1025
1068
1049
1046
1081
1097
1105
1087
1060
1042
1022
1042
1033
1108
1100
1073
1061
1034
1063
1103
1112
1089
1052
1083
1117
1102
1092
1050
1068
1098
1106
1047
1089
1045
1074
1128
1057
1081
1062
1116
1054
1066
1118
1138
1061
1148
1149
1122
1132
1151
1075
1127
1088
1154
1120
1131
1067
1093
1088
1136
1147
1111
1072
1167
1135
1128
1131
1139
1146
1153
1138
1174
1128
1105
1152
1097
1098
1129
1096
1135
1092
1179
1095
1178
1115
1175
1171
1096
1100
1176
1098
1192
1166
1159
1144
1179
1146
1104
1124
1108
1184
1152
1155
1183
1118
1172
1158
1199
1178
1119
1173
1193
1180
1156
1187
1160
1161
1163
1203
1211
1157
1150
1212
1146
1196
1178
1172
1173
1138
1187
1168
1165
1173
1229
1240
1222
1189
1161
1201
1241
1170
1165
1180
1233
1214
1172
1180
1196
1230
1192
1209
1239
1186
1247
1203
1184
1238
1184
1197
1182
1167
1241
1195
1187
1250
1229
1236
1187
1217
1184
1199
1272
1225
1194
1271
1279
1234
1199
1275
1197
1239
1206
1192
1286
1212
1224
1222
1243
1266
1208
1296
1211
1254
1258
1250
1225
1214
1207
1209
1264
1211
1216
1211
1253
1233
1294
1229
1307
1243
1287
1291
1247
1264
1318
1265
1288
1225
1273
1232
1314
1272
1240
1272
1328
1236
1256
1238
1332
1322
1296
1334
1312
1294
1250
1309
1305
1267
1253
1265
1288
1326
1293
1271
1290
1301
1284
1280
1350
1333
1307
1304
1265
1339
1277
1318
1291
1345
1312
1320
1299
1299
1313
1273
1289
1351
1315
1368
1335
1340
1332
1321
1280
1318
1314
1341
1326
1376
1292
1330
1315
1381
1374
1343
1375
1368
1325
1365
1382
1306
1297
1311
1340
1368
1386
1386
1307
1384
1381
1333
1387
1375
1373
1393
1383
1372
1410
1313
1328
1343
1338
1387
1397
1413
1354
1406
1394
1420
1345
1401
1421
1348
1375
1348
1347
1359
1395
1404
1423
1366
1377
1401
1417
1416
1367
1366
1368
1415
1436
1370
1422
1402
1372
1419
1362
1388
1448
1390
1423
1433
1428
1357
1423
1382
1407
1404
1382
1386
1462
1431
1461
1431
1387
1396
1433
1396
1421
1472
1415
1468
1394
1435
1418
1450
1414
1405
1457
1446
1424
1447
1407
1431
1455
1399
1451
1462
1424
1490
1428
1464
1445
1415
1496
1457
1444
1423
1440
1438
1485
1474
1495
1476
1438
1436
1489
1443
1425
1478
1480
1484
1505
1430
1435
1439
1462
1493
1427
1435
1460
1458
1504
1486
1464
1453
1497
1453
1473
1461
1493
1527
1459
1515
1448
1450
1462
1484
1458
1538
1530
1515
1521
1464
1523
1491
1460
1472
1476
1538
1535
1522
1458
1536
1507
1487
1509
1525
1508
1482
1531
1470
1496
1521
1497
1502
1518
1542
1570
1568
1510
1574
1488
1555
1509
1532
1569
1531
1561
1549
1485
1518
1543
1531
1561
1556
1535
1543
1522
1584
1578
1498
1502
1585
1582
1535
1517
1501
1524
1554
1511
1520
1558
1551
1517
1572
1515
1561
1512
1531
1516
1590
1596
1606
1544
1590
1593
1571
1528
1615
1585
1582
1530
1589
1620
1608
1555
1569
1540
1626
1551
1546
1539
1591
1588
1564
1619
1593
1571
1551
1602
1588
1643
1572
1645
1648
1644
1562
1603
1592
1649
1593
1588
1562
1633
1579
1572
1605
1587
1597
1596
1610
1604
1592
1644
1629
1639
1628
1615
1585
1596
1615
1664
1608
1669
1605
1639
1595
1669
1649
1633
1612
1616
1627
1636
1642
1590
1671
1673
1612
1672
1630
1604
1618
1640
1692
1646
1654
1656
1605
1646
1667
1612
1643
1649
1616
1672
1704
1628
1712
1706
1656
1710
1671
1698
1647
1672
1667
1650
1628
1629
1719
1692
1686
1644
1690
1647
1716
1685
1649
1645
1732
1682
1637
1689
1670
1683
1706
1669
1686
1697
1712
1678
1677
1715
1693
1680
1749
1751
1665
1715
1656
1696
1693
1663
1699
1732
1719
1666
1714
1746
1736
1740
1696
1717
1669
1731
1770
1719
1733
1772
1692
1739
1677
1709
1696
1750
1723
1771
1770
1772
1771
1717
1742
1727
1754
1731
1789
1747
1748
1715
1756
1762
1712
1756
1775
1724
1800
1747
1783
1735
1739
1768
1785
1736
1786
1794
1723
1805
1785
1756
1790
1726
1755
1742
1814
1750
1773
1733
1746
1739
1811
1739
1761
1783
1819
1730
1794
1813
1772
1818
1808
1771
1752
1823
1810
1824
1814
1790
1779
1826
1786
1812
1841
1748
1801
1811
1759
1814
1764
1763
1782
1776
1787
1765
1765
1853
1841
1767
1775
1829
1851
1830
1774
1830
1800
1831
1797
1817
1832
1846
1839
1790
1817
1835
1794
1878
1783
1826
1848
1844
1818
1820
1827
1822
1811
1798
1807
1800
1855
1865
1842
1808
1894
1856
1843
1886
1899
1852
1880
1852
1864
1843
1808
1829
1888
1891
1880
1892
1827
1827
1908
1860
1844
1821
1850
1841
1860
1856
1885
1871
1889
1874
1906
1898
1868
1869
1901
1863
1916
1906
1899
1903
1935
1929
1897
1925
1859
1920
1900
1874
1862
1853
1903
1870
1858
1872
1943
1906
1944
1927
1938
1923
1951
1957
1866
1949
1923
1935
1945
1944
1870
1878
1875
1875
1933
1957
1895
1939
1948
1923
1915
1937
1899
1973
1942
1880
1966
1885
1907
1895
1929
1910
1980
1902
1973
1980
1979
1957
1959
1905
1983
1934
1977
1983
1915
1941
1998
1981
1961
1924
1939
1937
1942
1930
2008
1988
1972
1978
1932
1927
1959
1932
1950
1969
1919
1961
1974
1981
1967
1934
1998
1959
1936
1934
1947
1976
2009
2007
1962
1948
2023
1995
1999
1942
2033
2035
1971
2037
2033
2021
1984
1962
2000
2038
1962
1989
1999
2006
1970
1991
1961
1968
2010
1970
2031
1964
2008
2005
2006
2063
1986
2032
1994
2044
2020
2015
2053
2049
2027
2000
2010
2037
2062
2037
2075
2049
2002
2072
2023
2081
2036
2010
2071
2044
2075
2076
2088
2077
2071
2044
2077
2052
2017
2041
2086
2053
2052
2039
2097
2090
2100
2048
2079
2056
2032
2021
2030
2078
2071
2094
2072
2075
2100
2103
2105
2083
2075
2082
2052
2121
2054
2102
2075
2044
2092
2073
2034
2064
2047
2126
2099
2091
2063
2115
2123
2136
2132
2062
2133
2095
2094
2097
2124
2110
2122
2057
2110
2100
2108
2095
2071
2078
2060
2061
2090
2159
2065
2087
2065
2119
2119
2111
2137
2119
2078
2140
2116
2116
2167
2090
2117
2100
2101
2176
2152
2162
2123
2159
2160
2179
2126
2101
2120
2184
2094
2169
2126
2124
2157
2191
2131
2155
2113
2172
2191
2181
2184
2131
2145
2138
2117
2198
2196
2156
2170
2162
2170
2132
2208
2196
2127
2159
2140
2205
2189
2132
2202
2190
2210
2169
2128
2218
2207
2183
2168
2172
2142
2158
2149
2230
2192
2232
2147
2145
2180
2179
2171
2226
2202
2184
2213
2238
2202
2180
2171
2150
2204
2152
2246
2185
2249
2244
2252
2246
2162
2242
2166
2225
2247
2247
2197
2178
2207
2231
2241
2256
2246
2254
2240
2225
2194
2269
2229
2230
2252
2201
2224
2271
2252
2280
2192
2281
2274
2260
2231
2217
2261
2276
2275
2285
2248
2196
2214
2274
2201
2218
2203
2222
2218
2255
2288
2260
2271
2231
2269
2231
2285
2226
2229
2256
2218
2244
2311
2295
2311
2270
2268
2257
2321
2289
2241
2317
2291
2264
2266
2293
2283
2239
2293
2297
2291
2324
2285
2280
2254
2286
2256
2269
2261
2310
2272
2312
2345
2281
2340
2314
2294
2299
2282
2274
2281
2266
2330
2302
2318
2316
2332
2354
2298
2360
2270
2276
2276
2270
2285
2353
2304
2324
2315
2350
2356
2293
2372
2346
2319
2365
2346
2351
2331
2377
2348
2336
2347
2338
2384
2376
2357
2316
2384
2315
2365
2386
2336
2385
2325
2340
2373
2326
2336
2368
2364
2366
2320
2323
2396
2388
2344
2344
2384
2329
2375
2388
2379
2399
2335
2354
2420
2332
2405
2415
2349
2341
2394
2371
2410
2345
2403
2339
2413
2391
2387
2347
2429
2344
2376
2403
2424
2415
2371
2434
2441
2419
2422
2438
2354
2357
2412
2437
2370
2367
2423
2446
2379
2427
2404
2421
2370
2442
2411
2370
2403
2413
2456
2418
2410
2434
2392
2449
2434
2401
2449
2400
2388
2414
2382
2384
2479
2456
2462
2388
2468
2427
2480
2420
2395
2466
2458
2444
2448
2493
2473
2482
2425
2456
2424
2495
2433
2451
2456
2407
2448
2429
2493
2464
2441
2420
2475
2423
2417
2437
2513
2416
2436
2452
2501
2438
2455
2444
2491
2514
2438
2508
2449
2472
2440
2529
2446
2493
2501
2530
2494
2504
2471
2466
2522
2512
2484
2485
2478
2476
2529
2514
2502
2475
2530
2471
2499
2521
2492
2498
2489
2500
2537
2483
2512
2518
2503
2517
2490
2497
2564
2522
2472
2477
2513
2522
2534
2561
2546
2555
2522
2509
2520
2489
2507
2566
2488
2493
2526
2543
2546
2540
2529
2566
2540
2491
2560
2507
2521
2514
2532
2577
2549
2511
2598
2580
2570
2514
2569
2506
2596
2594
2582
2533
2548
2553
2515
2548
2602
2608
2536
2613
2592
2599
2613
2593
2578
2554
2565
2574
2531
2550
2547
2539
2547
2567
2548
2535
2563
2633
2586
2578
2560
2548
2610
2569
2574
2603
2626
2610
2622
2621
2547
2624
2573
2591
2642
2595
2565
2606
2622
2625
2653
2583
2632
2643
2610
2583
2602
2575
2621
2634
2579
2627
2600
2648
2618
2613
2613
2579
2615
2581
2589
2659
2643
2665
2584
2607
2596
2610
2607
2644
2605
2678
2688
2623
2669
2678
2683
2648
2654
2635
2678
2660
2636
2615
2688
2669
2676
2649
2658
2682
2639
2672
2678
2698
2646
2690
2666
2703
2642
2680
2651
2650
2686
2639
2695
2710
2632
2683
2703
2658
2655
2714
2671
2706
2686
2673
2713
2696
2707
2705
2642
2689
2649
2729
2693
2715
2723
2679
2727
2729
2730
2659
2681
2727
2659
2691
2675
2724
2659
2688
2739
2734
2666
2673
2717
2726
2670
2703
2746
2734
2691
2715
2747
2678
2698
2726
2749
2763
2704
2755
2714
2721
2714
2727
2695
2700
2736
2695
2741
2688
2779
2756
2737
2789
2709
2742
2732
2735
2695
2770
2703
2735
2783
2719
2707
2788
2791
2711
2799
2762
2707
2806
2724
2764
2775
2746
2795
2783
2782
2799
2734
2762
2775
2788
2811
2760
2811
2822
2745
2750
2773
2783
2827
2736
2733
2776
2789
2770
2747
2793
2761
2791
2783
2834
2813
2828
2791
2785
2768
2824
2796
2769
2776
2819
2805
2811
2816
2834
2843
2759
2814
2830
2822
2813
2768
2798
2798
2831
2783
2840
2859
2837
2834
2790
2807
2805
2803
2794
2815
2811
2786
2835
2878
2789
2823
2860
2877
2795
2860
2838
2850
2826
2873
2835
2839
2858
2845
2818
2841
2842
2861
2803
2863
2812
2875
2869
2863
2819
2893
2832
2850
2898
2846
2901
2868
2893
2871
2867
2847
2853
2845
2832
2844
2909
2839
2852
2888
2854
2869
2880
2893
2884
2854
2887
2864
2895
2884
2901
2898
2883
2929
2854
2908
2911
2891
2924
2882
2851
2936
2880
2852
2909
2877
2902
2894
2884
2888
2946
2910
2881
2863
2883
2862
2909
2940
2889
2906
2874
2949
2914
2884
2898
2933
2891
2968
2938
2932
2901
2928
2945
2958
2921
2906
2949
2899
2889
2913
2921
2892
2982
2923
2979
2928
2986
2972
2943
2990
2919
2985
2951
2926
2957
2973
2971
2928
2950
2936
2923
2960
2932
2946
2939
2983
2930
2933
2966
2954
3004
2927
3002
2954
2981
3010
3015
3000
3000
2971
2933
2960
2954
2964
3001
3014
2954
3005
3019
2998
2981
2976
2990
3036
3019
3038
2960
2992
2998
2978
2956
3001
2983
2995
3043
3036
2971
3030
3024
3032
3045
3011
2973
3039
3026
3038
2988
3010
3040
3032
2980
3043
3017
2972
3060
2980
3059
3053
2973
3011
3058
3031
3019
2993
3052
3045
3050
3076
3071
3067
3041
3000
3051
3008
2999
3032
3040
3038
3054
3070
3085
2996
3093
3069
3032
3062
3004
3048
3066
3016
3055
3025
3022
3106
3049
3107
3088
3087
3052
3054
3073
3091
3082
3072
3100
3057
3090
3049
3031
3076
3090
3123
3032
3080
3112
3067
3041
3108
3085
3044
3122
3050
3127
3078
3124
3078
3070
3096
3061
3140
3049
3117
3139
3127
3129
3145
3103
3075
3065
3135
3148
3085
3147
3102
3062
3106
3086
3073
3159
3072
3126
3100
3154
3153
3099
3126
3147
3076
3114
3171
3165
3144
3136
3157
3132
3106
3092
3150
3115
3087
3115
3146
3144
3162
3146
3149
3103
3144
3143
3106
3171
3193
3122
3170
3165
3152
3163
3147
3126
3164
3110
3185
3139
3168
3116
3161
3160
3149
3138
3170
3116
3159
3197
3182
3159
3170
3171
3204
3208
3132
3175
3161
3155
3218
3133
3221
3206
3133
3215
3178
3158
3172
3194
3189
3214
3174
3198
3146
3147
3166
3208
3222
3226
3149
3148
3239
3154
3174
3182
3195
3252
3179
3181
3255
3169
3164
3219
3251
3221
3204
3170
3232
3259
3183
3203
3257
3170
3239
3172
3224
3194
3218
3209
3247
3216
3242
3267
3196
3244
3243
3187
3251
3285
3195
3231
3268
3225
3198
3256
3249
3262
3259
3286
3198
3259
3273
3252
3243
3263
3295
3301
3283
3247
3301
3271
3256
3223
3303
3276
3260
3282
3250
3305
3309
3221
3271
3285
3240
3292
3274
3316
3231
3278
3258
3325
3237
3328
3234
3289
3294
3310
3293
3284
3328
3298
3245
3285
3323
3273
3312
3277
3251
3246
3329
3259
3348
3283
3260
3323
3296
3271
3350
3348
3292
3338
3286
3305
3305
3288
3307
3288
3329
3362
3342
3360
3272
3325
3317
3278
3293
3274
3328
3356
3324
3330
3291
3365
3347
3348
3374
3307
3308
3372
3342
3289
3350
3316
3370
3384
3331
3318
3318
3371
3343
3354
3310
3300
3382
3366
3350
3375
3400
3355
3393
3398
3374
3331
3357
3395
3374
3346
3349
3409
3387
3402
3378
3376
3337
3419
3326
3408
3370
3395
3411
3367
3393
3363
3354
3345
3366
3398
3434
3389
3422
3429
3352
3379
3438
3427
3376
3388
3350
3422
3386
3373
3396
3365
3360
3427
3447
3418
3438
3420
3402
3379
3375
3413
3366
3448
3400
3389
3369
3438
3435
3385
3423
3439
3412
3446
3458
3467
3427
3437
3408
3404
3429
3416
3447
3395
3391
3403
3416
3463
3412
3464
3481
3470
3414
3476
3418
3476
3485
3431
3397
3446
3432
3403
3462
3462
3435
3457
3451
3450
3463
3408
3472
3432
3430
3474
3506
3459
3444
3494
3500
3420
3487
3465
3514
3487
3457
3494
3508
3493
3460
3508
3457
3506
3452
3478
3515
3484
3460
3449
3476
3480
3498
3503
3506
3485
3488
3535
3473
3540
3468
3450
3476
3478
3494
3456
3511
3500
3519
3467
3533
3557
3490
3529
3556
3535
3537
3556
3543
3549
3511
3486
3489
3523
3516
3560
3494
3494
3524
3485
3562
3561
3517
3518
3560
3574
3547
3540
3551
3584
3521
3528
3534
3561
3498
3507
3538
3532
3575
3504
3593
3596
3553
3521
3578
3551
3570
3521
3571
3553
3511
3514
3570
3604
3593
3549
3537
3599
3602
3571
3565
3615
3599
3589
3538
3527
3569
3600
3605
3607
3584
3579
3533
3567
3599
3568
3584
3602
3577
3547
3571
3558
3608
3634
3579
3590
3634
3636
3615
3579
3606
3607
3638
3588
3620
3623
3580
3569
3592
3578
3612
3576
3637
3621
3598
3586
3603
3646
3611
3574
3652
3634
3621
3654
3630
3613
3581
3626
3638
3586
3662
3595
3670
3632
3611
3606
3601
3659
3674
3664
3681
3666
3618
3606
3599
3615
3680
3658
3662
3607
3612
3689
3612
3649
3664
3625
3692
3684
3688
3666
3698
3661
3651
3692
3688
3689
3700
3707
3712
3709
3672
3657
3681
3681
3717
3674
3708
3628
3711
3679
3695
3655
3699
3707
3717
3690
3707
3659
3667
3672
3689
3727
3688
3656
3737
3724
3736
3734
3702
3649
3729
3679
3687
3671
3673
3735
3740
3709
3750
3688
3711
3690
3701
3715
3751
3733
3759
3763
3727
3717
3733
3756
3695
3758
3755
3724
3681
3693
3767
3690
3693
3726
3698
3734
3710
3738
3686
3780
3777
3742
3761
3692
3775
3705
3695
3697
3789
3775
3786
3782
3767
3718
3699
3726
3726
3775
3755
3717
3775
3706
3717
3793
3751
3783
3807
3776
3745
3764
3757
3727
3790
3748
3805
3778
3813
3818
3794
3762
3746
3733
3772
3782
3805
3793
3823
3826
3773
3749
3749
3811
3778
3780
3832
3757
3825
3822
3754
3776
3766
3837
3819
3755
3836
3849
3790
3762
3810
3762
3836
3780
3817
3826
3802
3783
3764
3860
3766
3851
3793
3858
3848
3822
3839
3833
3827
3780
3866
3829
3802
3799
3826
3825
3820
3792
3819
3830
3817
3840
3827
3809
3832
3872
3851
3833
3823
3825
3830
3830
3870
3892
3888
3824
3859
3817
3899
3837
3850
3831
3834
3819
3827
3862
3898
3908
3854
3891
3830
3907
3902
3829
3890
3901
3848
3851
3881
3855
3869
3901
3847
3836
3911
3877
3851
3923
3864
3845
3923
3874
3873
3845
3881
3865
3926
3858
3902
3916
3899
3844
3929
3878
3871
3870
3890
3926
3877
3853
3877
3866
3929
3856
3885
3918
3893
3908
3900
3871
3923
3938
3941
3965
3914
3932
3904
3888
3951
3879
3875
3906
3916
3929
3909
3943
3908
3924
3962
3977
3939
3913
3934
3919
3964
3916
3893
3938
3967
3959
3945
3898
3913
3917
3996
3923
3923
3941
3965
3961
3969
3966
3975
3967
3907
3935
4008
3975
3946
3980
3957
3957
3976
3937
4014
3927
3937
3989
3953
3979
3977
3978
4020
3942
3975
3992
3957
4022
4007
4011
3966
3957
3969
3961
4001
3998
3990
3988
4023
4011
3974
3962
3946
3987
3998
3965
3974
3983
3965
4007
4022
4034
3956
3998
4022
4019
4012
4009
4048
4017
4025
3970
3992
4040
4007
3987
4006
3985
4023
4046
4001
4031
4013
3976
3991
4005
4048
3992
4004
3993
3997
4002
4078
3996
4086
4059
4042
4039
3999
4091
4068
4072
4054
4028
4041
4012
4098
4006
4015
4049
4045
4097
4070
4094
4076
4033
4049
4051
4052
4013
4040
4040
4016
4046
4094
4042
4033
4039
4092
4050
4079
4092
4066
4036
4077
4088
4092
4037
4033
4041
4083
4039
4098
4121
4128
4055
4104
4064
4071
4134
4138
4044
4070
4145
4058
4146
4082
4083
4089
4128
4056
4099
4145
4057
4127
4071
4106
4113
4121
4161
4088
4112
4127
4126
4104
4074
4105
4167
4098
4117
4114
4084
4144
4116
4106
4113
4117
4121
4145
4112
4135
4126
4155
4139
4162
4182
4136
4176
4102
4158
4175
4171
4165
4145
4103
4116
4106
4164
4183
4168
4184
4137
4117
4190
4157
4133
4168
4182
4160
4116
4123
4148
4160
4214
4148
4215
4160
4159
4168
4188
4201
4202
4200
4188
4191
4164
4131
4130
4178
4158
4187
4138
4196
4177
4167
4166
4226
4175
4176
4176
4242
4198
4199
4226
4149
4186
4216
4231
4174
4167
4195
4205
4200
4175
4252
4255
4255
4181
4162
4241
4197
4199
4187
4199
4247
4215
4186
4181
4230
4203
4190
4228
4263
4248
4198
4205
4190
4243
4260
4269
4224
4196
4277
4206
4274
4235
4228
4208
4244
4264
4218
4195
4218
4256
4216
4275
4221
4206
4289
4209
4281
4227
4290
4301
4232
4244
4254
4237
4222
4286
4271
4299
4286
4305
4261
4273
4288
4275
4254
4226
4266
4246
4259
4236
4245
4243
4268
4296
4253
4331
4282
4294
4329
4291
4330
4253
4338
4311
4319
4338
4260
4278
4338
4300
4281
4281
4289
4346
4317
4322
4277
4267
4325
4319
4262
4325
4343
4292
4344
4288
4292
4283
4309
4329
4290
4362
4276
4349
4278
4280
4298
4352
4291
4330
4363
4366
4298
4307
4360
4283
4300
4357
4343
4343
4357
4385
4367
4292
4335
4357
4329
4315
4351
4337
4321
4313
4362
4325
4350
4337
4393
4341
4331
4353
4374
4371
4365
4377
4329
4327
4373
4327
4410
4340
4317
4350
4340
4374
4371
4366
4361
4416
4409
4332
4360
4381
4365
4421
4332
4391
4398
4415
4388
4385
4383
4366
4430
4419
4418
4441
4383
4403
4404
4427
4351
4405
4377
4391
4424
4441
4441
4410
4399
4448
4361
4384
4409
4369
4430
4397
4436
4401
4438
4398
4408
4392
4465
4394
4375
4468
4439
4430
4422
4459
4429
4432
4386
4433
4395
4431
4409
4452
4385
4402
4424
4482
4476
4489
4435
4463
4418
4431
4455
4440
4494
4427
4448
4491
4404
4403
4426
4442
4409
4461
4457
4499
4478
4472
4445
4481
4487
4464
4509
4460
4460
4485
4483
4508
4459
4451
4513
4518
4473
4518
4493
4522
4491
4525
4499
4517
4524
4502
4506
4532
4461
4445
4474
4502
4462
4491
4533
4460
4470
4511
4458
4493
4530
4462
4532
4531
4453
4487
4543
4458
4533
4459
4536
4539
4513
4485
4489
4531
4512
4563
4519
4559
4498
4505
4512
4474
4561
4546
4486
4549
4482
4571
4525
4503
4552
4532
4498
4513
4536
4547
4488
4565
4494
4516
4520
4559
4583
4561
4496
4534
4515
4533
4585
4548
4575
4537
4550
4579
4545
4542
4596
4574
4585
4592
4587
4577
4602
4599
4520
4590
4548
4594
4558
4560
4549
4566
4585
4585
4618
4553
4572
4538
4530
4603
4577
4593
4552
4576
4547
4542
4612
4547
4573
4578
4635
4624
4634
4629
4631
4620
4618
4614
4601
4574
4595
4577
4629
4619
4560
4567
4557
4582
4565
4612
4601
4645
4658
4609
4627
4595
4645
4573
4651
4583
4632
4598
4578
4608
4625
4656
4635
4668
4618
4653
4649
4620
4681
4646
4677
4634
4597
4655
4667
4653
4678
4602
4657
4597
4625
4621
4690
4683
4606
4653
4608
4688
4684
4691
4659
4652
4611
4673
4650
4704
4658
4682
4691
4630
4643
4661
4627
4621
4695
4694
4663
4651
4635
4673
4713
4657
4649
4649
4710
4646
4724
4648
4655
4726
4725
4687
4706
4679
4651
4735
4680
4674
4676
4698
4699
4723
4668
4683
4732
4685
4690
4660
4697
4738
4708
4728
4658
4660
4687
4747
4680
4753
4700
4707
4666
4702
4695
4749
4709
4673
4692
4753
4731
4692
4742
4687
4760
4759
4680
4728
4706
4747
4748
4707
4694
4704
4737
4706
4719
4739
4733
4729
4779
4746
4709
4760
4753
4703
4727
4725
4799
4772
4776
4783
4739
4804
4741
4752
4807
4736
4712
4792
4770
4789
4789
4776
4777
4744
4784
4733
4753
4726
4764
4789
4772
4736
4728
4776
4765
4777
4805
4771
4760
4798
4761
4757
4770
4794
4800
4749
4741
4789
4807
4779
4745
4829
4819
4753
4812
4842
4830
4818
4774
4783
4854
4782
4828
4791
4787
4819
4798
4765
4849
4802
4775
4818
4806
4829
4860
4832
4861
4828
4870
4853
4817
4790
4818
4818
4866
4859
4836
4797
4830
4795
4800
4857
4787
4848
4825
4798
4822
4810
4825
4796
4823
4854
4866
4849
4896
4865
4867
4829
4822
4843
4885
4855
4896
4869
4851
4885
4831
4853
4885
4859
4831
4833
4908
4875
4903
4829
4844
4877
4854
4918
4848
4884
4922
4924
4905
4875
4849
4850
4858
4919
4871
4926
4914
4893
4844
4844
4866
4920
4931
4913
4937
4916
4936
4898
4891
4891
4891
4855
4920
4899
4946
4868
4874
4923
4947
4933
4947
4912
4868
4937
4871
4898
4902
4920
4961
4951
4907
4959
4874
4938
4897
4898
4933
4893
4942
4945
4977
4957
4943
4893
4972
4891
4902
4961
4972
4896
4936
4915
4926
4899
4935
4973
4954
4945
4993
4905
4975
4956
4956
4982
4983
4991
4916
4977
4991
4916
5003
4933
4942
4981
5014
4945
4957
4980
4966
4934
4991
4923
4980
4977
4952
4967
4981
4988
4989
4984
4991
5022
5001
5018
5033
4954
5027
4987
4966
4968
4944
5022
5013
4976
4974
4963
5006
4964
5029
5009
4985
4956
4995
4981
5013
5036
4960
4990
5041
5016
4976
5031
5032
5013
4976
5051
4971
4980
5066
5045
5020
5038
4992
5058
5058
5038
4998
5027
5054
4996
5048
4999
5018
5072
5029
5048
5069
5020
5069
5033
4997
5066
4996
5026
5021
5034
5026
5000
5051
5075
5023
5079
5030
5061
5074
5066
5007
5074
5023
5109
5049
5061
5101
5109
5015
5057
5098
5067
5054
5037
5091
5092
5117
5122
5025
5036
5079
5102
5090
5098
5120
5075
5120
5114
5049
5050
5084
5109
5115
5044
5053
5108
5092
5140
5086
5116
5142
5124
5067
5121
5145
5097
5058
5120
5071
5144
5079
5116
5131
5138
5141
5132
5092
5093
5137
5136
5142
5167
5088
5072
5105
5081
5120
5166
5130
5152
5120
5083
5118
5170
5130
5138
5135
5130
5105
5110
5172
5107
5181
5139
5154
5179
5127
5108
5187
5148
5165
5188
5156
5112
5113
5120
5161
5133
5129
5108
5121
5130
5163
5129
5135
5200
5148
5212
5182
5145
5157
5164
5187
5185
5192
5159
5172
5148
5170
5221
5187
5130
5206
5150
5132
5197
5187
5171
5219
5155
5226
5204
5223
5209
5212
5216
5168
5162
5174
5221
5244
5241
5153
5184
5249
5211
5235
5154
5209
5239
5247
5164
5205
5247
5176
5218
5170
5189
5252
5180
5234
5259
5207
5179
5182
5227
5266
5248
5251
5250
5235
5236
5262
5211
5239
5209
5257
5191
5240
5231
5220
5255
5210
5191
5267
5223
5285
5271
5286
5204
5296
5297
5244
5259
5285
5236
5224
5284
5232
5269
5291
5253
5277
5280
5281
5251
5255
5305
5215
5315
5305
5310
5269
5273
5308
5230
5259
5227
5265
5245
5287
5297
5266
5299
5310
5264
5324
5288
5304
5279
5239
5336
5317
5319
5290
5333
5326
5271
5314
5325
5301
5281
5315
5325
5350
5320
5338
5346
5261
5323
5275
5288
5273
5325
5321
5290
5297
5355
5336
5272
5353
5291
5336
5326
5328
5281
5365
5348
5353
5354
5368
5324
5309
5363
5285
5354
5349
5325
5338
5352
5296
5349
5306
5309
5377
5298
5350
5368
5306
5314
5377
5341
5382
5300
5388
5351
5306
5329
5344
5328
5330
5355
5399
5341
5322
5393
5388
5412
5316
5336
5332
5349
5403
5337
5349
5405
5361
5341
5350
5334
5342
5346
5371
5428
5353
5411
5346
5379
5356
5341
5403
5396
5404
5384
5385
5354
5417
5431
5389
5443
5364
5440
5364
5363
5421
5394
5448
5363
5445
5437
5438
5363
5368
5370
5404
5388
5415
5454
5372
5440
5418
5459
5372
5462
5431
5434
5449
5433
5430
5453
5436
5441
5463
5408
5480
5458
5436
5431
5467
5437
5454
5471
5445
5460
5455
5444
5486
5402
5476
5463
5455
5452
5450
5401
5405
5495
5427
5503
5431
5474
5448
5466
5418
5504
5489
5458
5422
5464
5472
5479
5482
5454
5434
5502
5447
5516
5477
5425
5444
5441
5447
5473
5460
5506
5511
5494
5522
5478
5476
5524
5451
5470
5531
5470
5519
5481
5503
5535
5474
5520
5479
5476
5546
5497
5549
5468
5531
5508
5517
5520
5547
5545
5504
5545
5502
5521
5533
5523
5541
5523
5510
5541
5564
5561
5506
5571
5541
5545
5541
5544
5532
5577
5577
5530
5505
5527
5574
5545
5571
5492
5566
5524
5580
5550
5491
5589
5552
5522
5592
5576
5570
5577
5591
5521
5581
5562
5504
5506
5547
5575
5563
5585
5556
5574
5566
5559
5554
5589
5557
5561
5604
5559
5538
5605
5548
5524
5546
5579
5565
5550
5571
5558
5621
5622
5615
5546
5608
5557
5577
5587
5544
5584
5621
5628
5600
5563
5585
5601
5578
5583
5568
5559
5622
5630
5594
5553
5602
5640
5591
5649
5614
5564
5565
5598
5599
5631
5655
5623
5649
5566
5620
5632
5612
5589
5581
5609
5650
5594
5609
5645
5579
5616
5619
5604
5608
5583
5640
5669
5628
5658
5630
5627
5668
5607
5635
5691
5611
5693
5637
5679
5662
5611
5650
5640
5663
5639
5687
5607
5678
5614
5649
5702
5647
5686
5703
5624
5644
5631
5639
5704
5690
5650
5710
5654
5717
5650
5647
5668
5670
5708
5646
5675
5669
5710
5635
5642
5727
5699
5654
5677
5703
5643
5731
5711
5657
5705
5720
5721
5660
5722
5691
5703
5686
5659
5696
5700
5746
5680
5689
5661
5750
5714
5661
5715
5690
5672
5762
5678
5751
5762
5693
5740
5759
5727
5714
5681
5751
5686
5759
5706
5750
5712
5697
5742
5770
5745
5704
5767
5776
5732
5742
5731
5711
5705
5708
5698
5710
5767
5704
5769
5746
5775
5726
5778
5790
5731
5758
5710
5731
5788
5716
5737
5779
5772
5728
5784
5714
5737
5756
5752
5749
5730
5770
5721
5734
5771
5733
5766
5731
5782
5763
5746
5808
5760
5765
5788
5765
5735
5813
5755
5815
5825
5831
5800
5840
5743
5793
5837
5752
5844
5782
5833
5774
5812
5824
5773
5794
5770
5828
5836
5826
5787
5820
5781
5777
5807
5764
5827
5804
5778
5826
5859
5826
5776
5800
5818
5815
5815
5857
5871
5804
5853
5860
5872
5809
5799
5857
5858
5791
5842
5832
5845
5795
5817
5792
5863
5831
5879
5812
5796
5886
5810
5869
5816
5844
5820
5843
5819
5842
5829
5871
5858
5890
5881
5904
5824
5883
5909
5860
5906
5880
5879
5851
5881
5875
5900
5855
5923
5881
5862
5876
5841
5896
5844
5910
5872
5911
5858
5903
5871
5922
5857
5859
5847
5862
5877
5859
5903
5850
5920
5857
5852
5946
5912
5939
5941
5857
5855
5871
5863
5913
5883
5957
5924
5871
5877
5918
5910
5920
5932
5868
5896
5957
5910
5951
5966
5880
5969
5963
5967
5970
5941
5953
5916
5980
5973
5886
5911
5934
5968
5955
5978
5955
5908
5901
5908
5933
5972
5957
5939
5898
5990
5936
5994
5919
5960
5963
5984
5915
5952
5969
6004
5996
5918
5987
5943
5957
6009
6006
5989
5966
5918
5920
5994
6000
5955
5941
5953
5998
6023
5943
5990
6021
6007
6014
5998
6017
5945
5996
5975
5949
5999
5955
6010
6023
5960
5975
5965
5948
5985
6019
5948
5965
6007
6006
5981
5977
5999
5959
6031
5980
5998
6026
5972
5975
5981
5973
5977
5983
6059
6041
6041
5983
6015
6065
6020
6058
6059
5983
6016
6060
6032
6032
5989
6012
6011
5992
6033
6061
6016
6030
6085
6076
6038
6051
6082
5993
6076
6063
6083
6045
6059
6056
6054
6009
6062
6052
6086
6008
6034
6032
6084
6018
6084
6014
6019
6086
6053
6025
6074
6051
6020
6031
6073
6111
6055
6060
6096
6094
6042
6097
6042
6105
6076
6060
6112
6129
6060
6059
6091
6098
6102
6127
6130
6092
6140
6140
6054
6046
6119
6092
6110
6136
6098
6084
6089
6109
6087
6123
6064
6141
6090
6112
6123
6096
6154
6091
6142
6150
6095
6138
6159
6101
6124
6138
6152
6122
6085
6121
6113
6132
6147
6153
6090
6122
6174
6142
6124
6096
6173
6138
6177
6157
6099
6164
6165
6160
6139
6144
6170
6182
6194
6141
6185
6114
6130
6165
6186
6191
6112
6163
6141
6191
6140
6185
6202
6203
6117
6126
6214
6161
6197
6209
6124
6211
6141
6133
6199
6167
6188
6205
6169
6195
6166
6201
6168
6210
6233
6215
6148
6236
6191
6156
6232
6158
6195
6242
6188
6146
6228
6157
6162
6232
6202
6226
6164
6236
6234
6161
6254
6213
6165
6221
6194
6170
6178
6258
6239
6250
6177
6209
6206
6219
6235
6267
6219
6194
6247
6196
6240
6196
6259
6207
6247
6183
6247
6186
6192
6255
6266
6285
6241
6208
6277
6283
6207
6288
6290
6278
6257
6288
6259
6279
6204
6292
6203
6235
6294
6218
6296
6305
6209
6260
6282
6251
6251
6311
6282
6233
6275
6239
6315
6279
6291
6280
6259
6306
6273
6304
6258
6290
6306
6248
6307
6245
6328
6237
6328
6334
6269
6317
6262
6320
6316
6273
6253
6298
6324
6338
6334
6330
6268
6336
6282
6334
6279
6351
6332
6270
6259
6321
6275
6265
6311
6273
6341
6306
6327
6272
6305
6297
6290
6344
6351
6354
6358
6361
6291
6293
6351
6343
6310
6365
6305
6372
6359
6360
6329
6314
6380
6288
6373
6315
6310
6312
6360
6339
6392
6304
6321
6376
6318
6307
6357
6331
6359
6378
6359
6329
6375
6406
6326
6399
6335
6400
6392
6360
6349
6327
6333
6336
6338
6402
6396
6374
6361
6342
6409
6424
6367
6386
6415
6402
6397
6410
6332
6427
6375
6434
6424
6415
6437
6347
6388
6366
6374
6424
6376
6370
6402
6433
6428
6400
6412
6430
6393
6375
6361
6396
6402
6447
6443
6401
6389
6447
6426
6458
6378
6408
6457
6463
6403
6385
6456
6430
6403
6469
6392
6398
6409
6456
6397
6465
6390
6426
6419
6443
6425
6441
6459
6437
6405
6475
6483
6457
6491
6453
6446
6484
6453
6472
6455
6454
6430
6420
6477
6416
6463
6477
6455
6501
6461
6478
6441
6474
6507
6459
6480
6417
6440
6459
6448
6430
6508
6497
6473
6425
6459
6435
6458
6454
6461
6435
6525
6475
6455
6480
6464
6486
6475
6463
6479
6474
6463
6503
6480
6534
6457
6540
6543
6508
6482
6526
6496
6484
6525
6482
6488
6486
6548
6539
6473
6549
6515
6520
6491
6562
6504
6540
6511
6482
6548
6506
6491
6542
6499
6524
6526
6544
6484
6542
6484
6522
6539
6536
6575
6581
6519
6519
6487
6516
6576
6516
6495
6571
6545
6582
6581
6503
6518
6594
6566
6536
6518
6559
6522
6562
6563
6587
6590
6532
6524
6557
6524
6581
6580
6606
6579
6537
6541
6556
6551
6578
6612
6558
6575
6598
6575
6545
6531
6577
6557
6572
6532
6571
6593
6592
6537
6563
6614
6616
6614
6591
6540
6586
6581
6576
6585
6587
6575
6551
6599
6611
6574
6623
6565
6569
6630
6653
6603
6572
6576
6595
6596
6562
6618
6605
6601
6594
6657
6660
6581
6636
6629
6670
6656
6617
6578
6637
6651
6596
6604
6635
6656
6658
6591
6622
6679
6646
6659
6621
6639
6636
6598
6666
6684
6657
6608
6595
6598
6656
6611
6676
6628
6684
6656
6620
6661
6667
6652
6609
6627
6683
6625
6620
6635
6657
6627
6641
6634
6624
6714
6718
6667
6695
6685
6662
6640
6626
6671
6720
6700
6635
6687
6671
6646
6652
6638
6665
6729
6727
6700
6736
6697
6646
6728
6666
6734
6721
6680
6675
6652
6745
6732
6672
6706
6748
6695
6747
6743
6742
6667
6719
6719
6663
6668
6715
6681
6706
6700
6765
6740
6732
6684
6687
6705
6700
6679
6743
6691
6691
6746
6760
6748
6775
6760
6775
6768
6744
6714
6775
6767
6719
6707
6710
6747
6707
6728
6755
6746
6767
6715
6787
6776
6755
6778
6713
6708
6792
6790
6728
6735
6733
6798
6745
6741
6717
6735
6723
6722
6790
6800
6802
6815
6808
6726
6783
6795
6776
6751
6782
6761
6792
6779
6763
6788
6749
6782
6793
6772
6805
6739
6822
6799
6802
6747
6767
6827
6827
6777
6751
6768
6756
6840
6796
6824
6802
6811
6796
6832
6771
6844
6797
6854
6841
6813
6821
6813
6824
6860
6769
6865
6776
6844
6850
6848
6838
6774
6867
6798
6863
6844
6876
6871
6836
6864
6841
6791
6859
6845
6825
6798
6803
6849
6813
6862
6806
6856
6803
6825
6845
6802
6853
6880
6900
6867
6823
6870
6833
6840
6876
6845
6883
6900
6859
6882
6827
6869
6911
6847
6843
6894
6847
6895
6905
6915
6922
6843
6855
6860
6866
6843
6899
6851
6831
6930
6860
6908
6879
6914
6869
6909
6902
6884
6916
6892
6904
6877
6913
6880
6921
6922
6928
6864
6894
6898
6853
6925
6898
6903
6891
6939
6935
6897
6960
6891
6885
6962
6905
6905
6910
6957
6957
6964
6894
6961
6903
6877
6885
6942
6879
6900
6879
6899
6926
6970
6887
6946
6963
6967
6903
6895
6958
6964
6912
6990
6963
6988
6960
6906
6928
6914
6901
6963
6917
6925
6947
6956
7000
6963
6965
6983
6965
6982
6985
6947
6936
6921
6966
6992
6932
6981
6964
6945
6996
6992
6972
6939
7003
6968
6991
6988
7020
6946
6973
6979
6981
6935
6956
6970
7030
7023
6970
7035
7032
6995
7015
7028
6956
6969
7034
6958
7016
6953
7006
7020
7043
6981
7002
6984
6982
7021
6981
7006
6982
6991
6986
7044
7016
7018
7015
7063
7033
7024
7036
7070
7049
7003
7036
7011
7063
6981
7073
7068
6992
7037
7023
7032
7064
6999
7002
7023
7011
6995
7066
7032
7047
7069
7009
7090
7087
7041
7047
7044
7091
7066
7034
7061
7102
7017
7024
7010
7083
7080
7053
7024
7097
7090
7059
7016
7107
7061
7052
7024
7040
7055
7036
7028
7112
7106
7032
7036
7043
7041
7090
7113
7036
7082
7100
7085
7045
7058
7132
7040
7050
7080
7071
7056
7055
7122
7051
7125
7059
7106
7096
7136
7057
7122
7131
7141
7106
7147
7116
7060
7160
7120
7066
7140
7129
7157
7111
7120
7144
7159
7159
7138
7082
7093
7116
7116
7138
7083
7164
7103
7129
7158
7160
7166
7140
7098
7128
7172
7121
7115
7175
7136
7128
7153
7145
7193
7150
7197
7113
7168
7142
7160
7165
7141
7151
7124
7141
7196
7138
7153
7123
7166
7114
7165
7166
7207
7180
7191
7152
7135
7121
7176
7204
7159
7140
7133
7193
7194
7148
7173
7180
7146
7152
7188
7210
7214
7214
7180
7168
7207
7231
7229
7164
7162
7147
7180
7182
7192
7234
7248
7163
7200
7173
7246
7203
7167
7204
7196
7206
7163
7211
7171
7190
7169
7213
7223
7250
7218
7235
7261
7223
7191
7267
7233
7215
7205
7225
7277
7212
7279
7263
7235
7261
7216
7218
7285
7253
7243
7254
7219
7223
7273
7221
7271
7222
7247
7225
7293
7281
7201
7233
7274
7286
7241
7230
7223
7300
7287
7240
7242
7304
7296
7283
7305
7243
7300
7220
7315
7297
7267
7294
7291
7303
7293
7323
7252
7276
7278
7314
7296
7273
7238
7317
7236
7293
7334
7326
7248
7322
7314
7247
7250
7301
7291
7265
7321
7270
7306
7305
7268
7342
7350
7307
7343
7290
7352
7328
7327
7299
7296
7284
7299
7339
7266
7313
7268
7321
7351
7363
7334
7356
7349
7276
7282
7275
7352
7281
7306
7321
7358
7358
7368
7294
7319
7337
7331
7373
7336
7317
7386
7321
7374
7313
7389
7327
7392
7390
7301
7335
7313
7323
7389
7379
7399
7312
7314
7402
7330
7324
7377
7339
7339
7316
7348
7412
7329
7381
7358
7361
7366
7397
7352
7403
7376
7409
7343
7369
7360
7332
7333
7371
7363
7396
7432
7419
7365
7431
7374
7395
7343
7428
7355
7419
7349
7378
7391
7358
7373
7367
7369
7427
7381
7432
7423
7386
7384
7440
7400
7395
7392
7395
7420
7407
7371
7452
7464
7415
7376
7423
7421
7404
7418
7466
7426
7403
7456
7436
7407
7476
7400
7441
7461
7453
7414
7399
7483
7479
7390
7429
7408
7471
7394
7476
7465
7484
7450
7419
7416
7444
7478
7432
7436
7450
7422
7430
7483
7472
7427
7490
7504
7422
7441
7444
7470
7436
7501
7494
7508
7464
7483
7518
7517
7433
7425
7519
7470
7511
7429
7502
7489
7436
7468
7454
7473
7500
7477
7467
7456
7532
7470
7452
7457
7542
7457
7448
7536
7489
7543
7501
7461
7522
7463
7535
7514
7538
7459
7516
7502
7550
7547
7528
7531
7523
7522
7515
7520
7490
7501
7540
7552
7486
7507
7486
7483
7562
7499
7549
7511
7502
7547
7512
7510
7563
7541
7545
7533
7578
7573
7576
7536
7569
7544
7549
7558
7590
7550
7513
7523
7504
7506
7503
7540
7512
7509
7539
7524
7574
7572
7586
7548
7567
7563
7545
7542
7602
7552
7587
7521
7553
7544
7553
7619
7607
7592
7596
7604
7575
7541
7597
7547
7562
7619
7579
7588
7592
7570
7564
7583
7594
7609
7569
7558
7592
7567
7573
7624
7619
7555
7614
7570
7625
7573
7577
7560
7589
7601
7610
7633
7625
7638
7630
7648
7596
7655
7635
7631
7606
7624
7583
7665
7661
7605
7579
7609
7605
7585
7619
7639
7601
7606
7675
7583
7676
7667
7602
7662
7619
7663
7618
7665
7623
7606
7618
7635
7633
7624
7696
7684
7660
7641
7670
7613
7621
7620
7656
7667
7704
7638
7686
7683
7626
7658
7666
7665
7647
7625
7617
7645
7670
7708
7719
7681
7690
7702
7690
7694
7679
7706
7641
7680
7656
7649
7718
7705
7712
7638
7726
7694
7642
7698
7658
7734
7674
7653
7718
7669
7743
7683
7683
7682
7717
7742
7659
7657
7677
7667
7747
7708
7676
7735
7695
7699
7721
7739
7759
7682
7761
7723
7718
7686
7726
7720
7756
7771
7687
7678
7696
7717
7773
7723
7767
7724
7718
7726
7728
7702
7688
7703
7728
7765
7707
7699
7699
7759
7708
7772
7718
7741
7750
7762
7792
7756
7770
7771
7753
7775
7707
7786
7709
7786
7794
7805
7745
7715
7778
7812
7772
7811
7808
7775
7751
7820
7727
7788
7824
7758
7765
7784
7785
7759
7817
7739
7738
7814
7765
7760
7755
7773
7810
7825
7745
7776
7821
7781
7809
7775
7832
7789
7777
7833
7785
7791
7779
7792
7831
7815
7795
7793
7856
7831
7846
7791
7801
7863
7797
7777
7798
7843
7857
7776
7816
7848
7818
7853
7807
7855
7808
7868
7859
7871
7816
7811
7837
7803
7819
7879
7844
7794
7885
7852
7844
7859
7891
7805
7845
7890
7799
7866
7805
7885
7825
7844
7806
7834
7884
7819
7820
7811
7848
7821
7879
7856
7842
7875
7845
7887
7912
7880
7854
7904
7912
7841
7857
7920
7909
7904
7894
7871
7927
7893
7846
7914
7849
7841
7898
7912
7864
7872
7900
7877
7853
7900
7931
7885
7876
7911
7937
7850
7880
7933
7897
7920
7864
7860
7884
7951
7916
7946
7873
7930
7917
7889
7900
7887
7875
7866
7873
7932
7904
7929
7873
7932
7907
7938
7902
7951
7927
7912
7923
7942
7969
7952
7972
7932
7980
7937
7890
7912
7983
7912
7894
7982
7932
7974
7916
7974
7900
7989
7951
7968
7996
7937
7963
7996
7991
7906
7907
7974
7942
7917
7915
7969
7941
7943
7916
7932
7965
8016
7921
7975
7922
8009
7936
7967
7995
8003
7947
8005
8016
8012
7937
7932
8022
7943
7948
7982
8019
7952
7956
8028
8038
7974
8028
7987
8041
7982
7965
8013
8044
8022
8034
7983
8033
8021
8023
8009
7980
8019
7971
7977
7981
7982
8019
8026
7987
8055
8024
8051
8017
7978
7974
8008
8036
7979
7979
8025
7983
8002
8075
8070
8036
8054
8051
8010
8079
7991
8039
8067
8078
8035
8000
8038
8039
8014
8004
8066
8019
8006
8047
8088
8095
8049
8056
8027
8077
8014
8024
8057
8095
8049
8080
8067
8049
8087
8046
8112
8029
8020
8118
8063
8055
8079
8107
8072
8034
8074
8068
8121
8033
8050
8079
8043
8121
8129
8112
8094
8104
8049
8137
8136
8080
8080
8061
8078
8132
8099
8146
8058
8136
8147
8141
8100
8082
8074
8088
8062
8067
8126
8137
8115
8112
8146
8143
8081
8131
8142
8155
8116
8166
8152
8095
8084
8131
8085
8110
8149
8135
8108
8085
8094
8122
8154
8162
8116
8125
8126
8110
8100
8097
8165
8137
8137
8175
8166
8148
8140
8151
8129
8115
8157
8183
8171
8128
8184
8133
8147
8148
8198
8121
8186
8184
8157
8174
8166
8158
8151
8180
8178
8131
8204
8212
8147
8126
8175
8147
8145
8214
8176
8214
8188
8202
8214
8226
8175
8214
8137
8145
8203
8171
8169
8161
8164
8200
8185
8194
8195
8228
8215
8220
8225
8164
8209
8192
8194
8175
8244
8192
8222
8215
8178
8188
8166
8250
8235
8196
8205
8207
8253
8199
8187
8214
8225
8246
8223
8242
8234
8180
8211
8248
8244
8220
8251
8194
8241
8257
8272
8215
8284
8228
8258
8255
8266
8273
8195
8230
8207
8250
8296
8267
8257
8215
8246
8222
8302
8232
8284
8221
8220
8266
8222
8303
8216
8304
8218
8238
8274
8295
8266
8267
8272
8225
8256
8249
8282
8297
8250
8314
8269
8301
8324
8253
8279
8253
8312
8267
8321
8322
8276
8272
8303
8281
8296
8323
8293
8305
8312
8270
8313
8307
8331
8330
8296
8272
8284
8266
8279
8310
8287
8321
8304
8353
8343
8263
8356
8273
8344
8287
8367
8299
8302
8287
8275
8330
8350
8310
8287
8288
8354
8348
8322
8315
8320
8329
8348
8341
8302
8296
8335
8324
8292
8356
8321
8382
8318
8344
8365
8364
8318
8380
8384
8337
8393
8339
8363
8399
8347
8376
8320
8393
8333
8369
8380
8365
8370
8398
8400
8384
8355
8324
8354
8403
8408
8391
8394
8363
8385
8331
8362
8402
8333
8368
8342
8374
8371
8343
8359
8364
8398
8341
8375
8402
8369
8366
8368
8364
8404
8423
8436
8378
8446
8399
8426
8412
8361
8398
8365
8385
8360
8450
8448
8374
8419
8374
8451
8464
8372
8395
8396
8421
8408
8396
8449
8437
8450
8426
8421
8413
8447
8433
8381
8403
8432
8451
8414
8410
8451
8442
8441
8459
8476
8482
8464
8469
8435
8452
8481
8494
8411
8484
8488
8500
8501
8438
8460
8474
8462
8450
8497
8448
8410
8477
8461
8456
8440
8512
8467
8515
8498
8518
8440
8498
8428
8429
8459
8430
8503
8457
8498
8470
8468
8473
8494
8495
8472
8530
8492
8522
8494
8443
8528
8528
8448
8444
8483
8509
8507
8493
8525
8538
8509
8453
8464
8484
8513
8496
8524
8508
8513
8515
8518
8471
8518
8490
8501
8495
8532
8473
8485
8559
8549
8510
8533
8500
8564
8482
8476
8519
8497
8554
8537
8563
8581
8512
8541
8577
8496
8516
8551
8584
8562
8531
8586
8520
8593
8540
8579
8537
8582
8531
8512
8561
8515
8592
8553
8517
8509
8568
8509
8603
8512
8560
8548
8536
8540
8520
8613
8579
8557
8577
8591
8546
8572
8589
8588
8571
8594
8538
8546
8562
8564
8626
8625
8537
8554
8589
8579
8592
8619
8605
8577
8577
8542
8608
8609
8631
8550
8557
8623
8566
8648
8558
8578
8556
8619
8603
8576
8557
8626
8613
8569
8633
8598
8635
8618
8633
8636
8647
8593
8605
8573
8600
8614
8664
8630
8637
8663
8661
8614
8668
8635
8612
8632
8640
8601
8667
8677
8671
8600
8628
8629
8627
8649
8612
8633
8609
8622
8661
8643
8607
8692
8667
8608
8691
8638
8631
8620
8664
8617
8609
8708
8684
8633
8628
8674
8649
8635
8690
8700
8656
8716
8701
8662
8665
8701
8646
8681
8680
8717
8660
8723
8690
8667
8688
8733
8691
8668
8665
8716
8724
8730
8709
8672
8690
8689
8667
8683
8693
8692
8652
8713
8726
8721
8675
8717
8753
8668
8711
8671
8678
8676
8726
8760
8680
8748
8739
8710
8707
8723
8683
8689
8713
8761
8748
8710
8711
8719
8687
8725
8688
8710
8736
8755
8759
8727
8778
8783
8757
8766
8749
8738
8789
8728
8699
8733
8778
8719
8734
8712
8715
8761
8740
8796
8780
8712
8736
8721
8743
8800
8766
8719
8794
8793
8772
8744
8770
8744
8761
8797
8807
8763
8798
8817
8729
8789
8749
8732
8742
8824
8731
8829
8738
8761
8812
8802
8781
8743
8779
8759
8786
8770
8798
8761
8799
8781
8755
8811
8818
8770
8806
8807
8823
8785
8852
8830
8791
8849
8785
8788
8789
8796
8773
8768
8772
8812
8837
8809
8864
8845
8836
8820
8787
8802
8839
8777
8865
8836
8788
8840
8788
8840
8842
8795
8839
8870
8845
8872
8836
8816
8888
8878
8802
8812
8821
8862
8887
8858
8797
8848
8898
8833
8885
8883
8827
8872
8812
8895
8874
8828
8844
8906
8812
8874
8893
8832
8883
8821
8901
8903
8896
8860
8872
8887
8829
8842
8829
8875
8875
8883
8924
8854
8921
8885
8884
8909
8838
8845
8851
8856
8924
8917
8933
8871
8887
8917
8928
8907
8933
8943
8897
8855
8911
8879
8926
8910
8885
8864
8895
8901
8905
8873
8882
8926
8959
8922
8914
8894
8927
8926
8918
8926
8896
8912
8902
8903
8973
8936
8926
8897
8892
8885
8933
8964
8903
8973
8957
8973
8979
8946
8910
8980
8924
8902
8957
8907
8981
8978
8990
8948
8948
8977
8967
8971
8904
8992
8990
8908
8924
8920
8989
8926
9002
8971
8989
8965
8990
8968
8966
8995
8999
8954
8935
8946
8949
8999
8954
8932
8987
8953
8950
9005
8953
8956
8982
8955
9019
8951
8987
8989
9035
9021
9008
9030
9041
8980
9020
8978
8948
8949
8994
8967
8985
9046
9006
8999
9028
8987
9037
8975
9019
8999
9006
9020
9060
9038
8979
8991
9031
8998
9050
8978
8980
8999
9007
8990
9035
8994
9032
8999
8997
8998
9074
9002
8993
8986
8999
8996
9057
9055
8992
9037
9063
9052
9015
9028
9055
9038
9014
9070
9061
9084
9079
9077
9036
9073
9010
9046
9100
9041
9064
9041
9045
9012
9105
9063
9025
9055
9039
9028
9019
9099
9056
9045
9031
9042
9118
9061
9092
9075
9110
9031
9072
9098
9115
9046
9068
9054
9065
9075
9113
9110
9065
9081
9100
9112
9095
9101
9098
9080
9122
9127
9064
9069
9111
9143
9088
9133
9146
9148
9142
9092
9091
9112
9149
9074
9067
9066
9076
9161
9105
9168
9149
9111
9147
9129
9105
9100
9116
9129
9128
9132
9108
9093
9165
9114
9120
9132
9138
9166
9166
9094
9110
9108
9122
9147
9112
9150
9184
9105
9174
9155
9104
9137
9145
9166
9142
9109
9114
9129
9162
9189
9137
9159
9113
9174
9200
9124
9127
9205
9175
9188
9175
9175
9165
9159
9187
9193
9198
9224
9149
9165
9143
9149
9231
9162
9196
9184
9141
9196
9227
9211
9175
9218
9149
9241
9151
9243
9196
9157
9205
9236
9206
9170
9197
9172
9244
9193
9160
9232
9159
9222
9192
9232
9183
9250
9194
9240
9227
9185
9214
9223
9203
9242
9271
9272
9221
9250
9218
9271
9218
9220
9269
9182
9217
9224
9283
9249
9272
9201
9262
9202
9230
9264
9202
9227
9269
9224
9287
9277
9246
9275
9291
9301
9225
9280
9210
9206
9215
9305
9225
9283
9228
9311
9243
9214
9255
9299
9314
9260
9260
9305
9315
9290
9232
9226
9232
9285
9271
9249
9257
9287
9324
9297
9296
9296
9255
9238
9279
9267
9250
9276
9265
9277
9334
9331
9330
9318
9286
9268
9266
9285
9324
9261
9285
9320
9294
9289
9297
9269
9345
9294
9264
9277
9300
9271
9349
9294
9306
9348
9357
9320
9362
9301
9337
9353
9303
9347
9314
9370
9301
9343
9338
9337
9370
9375
9361
9307
9311
9297
9347
9342
9355
9391
9316
9365
9391
9348
9366
9350
9364
9307
9375
9364
9363
9309
9359
9383
9350
9322
9391
9402
9321
9340
9395
9315
9327
9391
9366
9380
9396
9385
9330
9333
9379
9388
9364
9356
9424
9354
9377
9377
9355
9403
9407
9349
9388
9339
9386
9354
9406
9408
9348
9352
9403
9370
9352
9444
9369
9360
9446
9356
9386
9384
9382
9447
9448
9452
9386
9384
9445
9429
9386
9415
9414
9403
9440
9388
9435
9457
9382
9463
9468
9454
9427
9441
9445
9430
9445
9476
9419
9393
9423
9398
9419
9476
9418
9414
9442
9472
9451
9459
9440
9395
9434
9400
9436
9472
9474
9485
9441
9488
9478
9449
9412
9423
9501
9450
9471
9430
9476
9449
9447
9430
9469
9462
9451
9454
9512
9492
9500
9426
9436
9478
9455
9459
9505
9426
9474
9446
9476
9478
9450
9521
9489
9434
9471
9483
9496
9449
9453
9521
9473
9495
9491
9508
9472
9454
9518
9467
9478
9452
9477
9494
9488
9523
9521
9507
9464
9545
9529
9537
9536
9494
9522
9497
9533
9551
9544
9554
9551
9479
9485
9541
9544
9521
9514
9480
9553
9506
9527
9485
9546
9540
9552
9522
9524
9488
9545
9504
9540
9494
9587
9514
9567
9565
9534
9533
9564
9575
9568
9593
9549
9531
9596
9588
9567
9540
9568
9546
9528
9512
9587
9576
9576
9605
9601
9580
9528
9593
9615
9521
9614
9555
9539
9537
9569
9619
9554
9547
9579
9622
9543
9532
9583
9627
9568
9595
9618
9604
9629
9639
9586
9631
9558
9638
9626
9604
9587
9567
9625
9625
9583
9554
9593
9594
9627
9595
9635
9571
9603
9614
9573
9629
9582
9624
9572
9649
9629
9606
9582
9669
9660
9625
9648
9621
9582
9639
9624
9653
9660
9625
9588
9600
9634
9596
9615
9611
9633
9622
9589
9595
9679
9680
9601
9614
9645
9676
9625
9638
9676
9615
9660
9698
9681
9639
9611
9617
9671
9690
9643
9670
9672
9666
9678
9623
9667
9651
9671
9713
9677
9671
9631
9655
9632
9628
9659
9641
9667
9708
9726
9689
9678
9681
9662
9708
9707
9642
9662
9647
9732
9654
9665
9674
9656
9670
9690
9686
9713
9726
9663
9675
9683
9724
9747
9716
9743
9720
9743
9683
9732
9725
9701
9747
9713
9734
9714
9691
9697
9682
9722
9679
9754
9706
9710
9704
9700
9755
9774
9718
9763
9735
9753
9698
9728
9751
9716
9689
9782
9700
9738
9722
9719
9739
9701
9774
9783
9765
9721
9769
9732
9746
9734
9715
9716
9759
9781
9778
9801
9715
9765
9747
9808
9766
9746
9718
9780
9815
9773
9744
9794
9795
9731
9744
9811
9751
9799
9805
9728
9766
9757
9816
9776
9742
9758
9799
9747
9741
9765
9828
9807
9792
9813
9799
9778
9802
9753
9813
9756
9834
9827
9781
9814
9847
9784
9826
9809
9775
9785
9814
9846
9839
9852
9853
9791
9813
9858
9773
9808
9855
9779
9813
9845
9820
9802
9854
9834
9786
9829
9805
9812
9859
9874
9872
9866
9862
9870
9867
9810
9821
9878
9798
9862
9852
9828
9863
9892
9844
9836
9890
9851
9810
9866
9852
9843
9854
9889
9828
9814
9904
9839
9873
9898
9900
9861
9847
9886
9870
9819
9877
9900
9914
9875
9858
9882
9904
9857
9828
9828
9887
9898
9861
9836
9910
9923
9914
9906
9875
9892
9896
9839
9868
9863
9882
9940
9907
9927
9909
9895
9851
9931
9898
9912
9902
9927
9861
9922
9912
9887
9952
9889
9949
9921
9949
9935
9898
9956
9942
9955
9955
9955
9882
9922
9967
9946
9939
9879
9915
9891
9934
9889
9890
9959
9892
9938
9901
9922
9917
9910
9888
9899
9952
9900
9926
9990
9947
9919
9990
9901
9913
9965
9959
9989
9988
9990
9998
9940
9909
9967
9911
9909
9938
9914
9995
9940
9968
9961
9943
9938
9923
9956
9940
10019
9941
10015
9969
9990
9962
9972
9951
9995
9941
9958
10016
10005
9954
9975
9982
9981
9938
9987
10016
10026
10029
9946
10034
9991
9991
9972
10000
10037
10043
9970
10017
10015
10006
9955
10052
10007
9981
10006
10047
9995
9992
10001
10058
10016
9969
10064
10050
10006
10050
10070
9975
10033
9998
9991
10034
10071
10011
10047
10076
10051
9985
9983
10054
10016
10082
9990
10026
10011
9992
10034
10026
10018
9994
10019
10077
10016
10076
10070
10081
10053
10085
10007
10017
10038
10006
10081
10071
10063
10075
10087
10052
10020
10056
10036
10084
10045
10108
10071
10061
10027
10062
10059
10035
10046
10030
10045
10123
10053
10085
10114
10040
10106
10052
10120
10054
10103
10124
10052
10047
10049
10129
10137
10142
10135
10115
10076
10108
10103
10118
10100
10114
10113
10056
10101
10102
10141
10078
10128
10081
10108
10149
10155
10088
10071
10143
10101
10161
10138
10134
10077
10123
10074
10111
10083
10170
10146
10135
10130
10117
10087
10126
10133
10169
10138
10110
10158
10178
10182
10151
10133
10188
10183
10170
10193
10117
10147
10172
10130
10147
10199
10123
10118
10111
10169
10116
10194
10143
10180
10190
10112
10139
10170
10204
10191
10142
10196
10192
10205
10158
10129
10180
10146
10124
10175
10224
10196
10207
10186
10177
10146
10152
10182
10137
10210
10160
10206
10171
10185
10178
10176
10144
10168
10219
10241
10215
10233
10157
10186
10214
10191
10214
10210
10201
10238
10221
10231
10173
10244
10184
10163
10171
10197
10240
10216
10231
10219
10190
10207
10222
10250
10228
10250
10197
10208
10204
10235
10265
10253
10233
10275
10187
10251
10200
10231
10252
10220
10258
10284
10247
10236
10216
10291
10224
10271
10290
10284
10244
10237
10260
10205
10263
10257
10245
10282
10244
10257
10289
10232
10259
10280
10225
10245
10265
10302
10236
10235
10248
10237
10278
10293
10305
10315
10262
10253
10301
10283
10239
10254
10279
10253
10249
10308
10248
10276
10238
10295
10244
10303
10248
10338
10314
10295
10288
10327
10327
10262
10344
10285
10305
10269
10274
10339
10340
10281
10282
10279
10301
10264
10353
10336
10295
10315
10284
10327
10289
10354
10310
10288
10366
10361
10283
10361
10363
10351
10354
10368
10333
10287
10288
10334
10303
10330
10324
10382
10327
10344
10350
10360
10353
10371
10300
10300
10368
10364
10366
10351
10363
10336
10309
10396
10372
10320
10321
10400
10318
10361
10340
10341
10351
10369
10334
10382
10331
10330
10404
10395
10387
10404
10350
10331
10369
10419
10345
10325
10398
10383
10358
10410
10420
10397
10413
10388
10407
10336
10404
10399
10382
10381
10396
10354
10377
10387
10388
10414
10421
10439
10348
10430
10429
10373
10409
10373
10398
10449
10413
10380
10439
10378
10386
10382
10402
10454
10383
10367
10416
10440
10454
10424
10390
10419
10402
10470
10404
10382
10464
10462
10399
10477
10477
10464
10436
10399
10412
10417
10393
10433
10420
10469
10450
10424
10406
10416
10416
10484
10434
10457
10477
10473
10490
10405
10423
10458
10488
10476
10429
10443
10436
10487
10488
10435
10422
10432
10501
10418
10428
10438
10477
10461
10468
10506
10473
10503
10431
10436
10471
10430
10432
10447
10497
10434
10448
10512
10462
10475
10467
10518
10459
10484
10515
10453
10444
10506
10508
10528
10447
10519
10470
10450
10514
10484
10540
10475
10459
10506
10553
10509
10533
10541
10471
10465
10471
10559
10497
10483
10526
10555
10469
10562
10541
10535
10548
10571
10479
10560
10527
10559
10576
10521
10496
10572
10532
10581
10564
10488
10517
10511
10513
10508
10533
10551
10541
10511
10560
10565
10499
10500
10523
10536
10551
10539
10601
10528
10573
10523
10598
10581
10520
10596
10586
10598
10520
10606
10550
10545
10548
10562
10523
10599
10609
10579
10607
10582
10572
10578
10569
10570
10601
10591
10581
10580
10558
10598
10627
10611
10610
10590
10572
10612
10631
10628
10613
10588
10550
10562
10639
10594
10571
10571
10571
10646
10624
10570
10610
10602
10557
10609
10623
10583
10635
10616
10615
10647
10655
10580
10617
10655
10579
10618
10630
10614
10585
10592
10590
10644
10598
10629
10624
10587
10659
10581
10643
10597
10658
10655
10601
10654
10598
10675
10630
10668
10631
10652
10636
10675
10630
10604
10692
10620
10627
10610
10620
10660
10669
10652
10691
10613
10676
10638
10693
10668
10628
10663
10680
10693
10630
10690
10714
10685
10685
10637
10651
10691
10684
10675
10644
10709
10649
10706
10662
10707
10634
10673
10714
10714
10660
10691
10677
10710
10722
10730
10675
10724
10655
10718
10670
10695
10656
10748
10710
10750
10700
10668
10689
10751
10684
10686
10720
10715
10723
10694
10731
10748
10711
10745
10753
10744
10670
10670
10757
10707
10764
10746
10745
10679
10723
10768
10720
10765
10748
10740
10686
10742
10740
10712
10758
10748
10694
10768
10763
10744
10706
10703
10737
10772
10718
10787
10713
10721
10770
10793
10709
10713
10783
10729
10791
10805
10709
10737
10804
10757
10787
10745
10735
10783
10806
10750
10784
10765
10767
10721
10767
10757
10821
10791
10735
10777
10730
10800
10766
10731
10783
10779
10806
10806
10792
10746
10830
10745
10838
10810
10799
10805
10801
10840
10794
10831
10791
10786
10820
10775
10769
10817
10833
10832
10833
10830
10840
10835
10835
10790
10771
10809
10856
10840
10838
10824
10861
10862
10813
10856
10806
10830
10827
10826
10830
10824
10867
10818
10825
10782
10785
10799
10820
10810
10883
10821
10845
10823
10806
10874
10805
10840
10888
10805
10843
10841
10809
10886
10890
10870
10849
10865
10828
10877
10844
10868
10906
10856
10818
10884
10860
10866
10875
10860
10877
10853
10904
10829
10852
10899
10898
10832
10893
10829
10898
10867
10893
10870
10899
10866
10857
10865
10868
10879
10882
10873
10850
10899
10861
10883
10921
10847
10922
10943
10896
10871
10922
10905
10934
10941
10907
10945
10893
10953
10924
10894
10872
10908
10888
10960
10915
10942
10911
10938
10908
10888
10959
10944
10934
10873
10956
10926
10909
10966
10909
10880
10971
10926
10934
10951
10905
10895
10942
10918
10904
10929
10936
10943
10957
10921
10981
10901
10956
10923
10973
10924
10982
10918
10988
10940
10950
10945
10958
10971
10970
10921
10954
10911
10946
10950
11010
10942
11011
10990
10986
11012
10967
10973
10949
10977
11007
10956
10989
10995
11010
11008
10960
10961
10982
10957
11004
11006
10960
10959
10947
10937
10945
10986
10975
10941
11035
11027
11008
10950
11002
10983
11018
10949
10966
11044
11006
11001
11011
11032
11044
10983
11018
10969
11004
11045
11060
11031
10984
11046
11019
11028
10972
11052
11056
11032
11029
10987
10976
11050
10994
10985
11024
11073
10991
10992
10999
11056
11028
10995
11005
11074
11058
11035
11055
11010
11077
11015
11083
11084
11047
11009
11045
11098
11070
11077
11002
11044
11053
11022
11078
11087
11088
11033
11076
11104
11103
11032
11071
11112
11051
11102
11018
11083
11105
11023
11082
11084
11099
11076
11088
11028
11079
11055
11125
11115
11063
11118
11111
11115
11044
11051
11106
11079
11040
11042
11133
11106
11074
11141
11065
11136
11121
11090
11078
11138
11093
11053
11078
11136
11116
11139
11131
11080
11087
11153
11074
11161
11159
11149
11158
11149
11166
11139
11110
11109
11131
11102
11165
11156
11171
11100
11150
11156
11114
11121
11102
11112
11093
11088
11172
11095
11150
11157
11159
11103
11116
11176
11138
11107
11131
11104
11141
11100
11166
11148
11125
11183
11200
11192
11120
11165
11150
11112
11198
11187
11138
11145
11145
11127
11195
11135
11155
11177
11186
11216
11124
11132
11202
11148
11158
11132
11165
11217
11194
11213
11174
11154
11208
11192
11137
11193
11237
11238
11214
11232
11225
11181
11150
11192
11151
11195
11203
11177
11211
11181
11218
11211
11186
11241
11176
11219
11234
11161
11253
11196
11191
11258
11198
11222
11258
11258
11169
11192
11266
11228
11187
11179
11174
11187
11238
11233
11243
11240
11270
11192
11230
11184
11214
11208
11282
11190
11256
11264
11192
11197
11270
11271
11199
11259
11225
11280
11278
11249
11289
11250
11241
11241
11297
11227
11238
11248
11255
11299
11298
11306
11226
11264
11221
11302
11276
11263
11300
11298
11312
11257
11229
11272
11292
11255
11284
11234
11265
11230
11319
11295
11265
11235
11319
11331
11273
11294
11307
11331
11277
11307
11292
11289
11270
11299
11311
11332
11299
11326
11281
11308
11339
11344
11311
11351
11307
11268
11328
11336
11333
11330
11264
11288
11353
11325
11352
11300
11360
11275
11363
11370
11300
11309
11358
11279
11356
11294
11285
11373
11330
11323
11284
11327
11348
11363
11318
11306
11343
11382
11361
11337
11376
11353
11354
11337
11327
11390
11299
11320
11378
11314
11327
11380
11319
11375
11337
11313
11396
11312
11351
11375
11367
11386
11371
11404
11386
11356
11372
11381
11363
11374
11397
11351
11332
11410
11421
11394
11394
11377
11340
11373
11351
11358
11363
11359
11379
11422
11344
11413
11416
11428
11374
11410
11423
11402
11413
11444
11416
11436
11412
11410
11416
11354
11445
11404
11382
11450
11431
11440
11456
11396
11457
11449
11404
11443
11428
11431
11436
11467
11453
11387
11448
11401
11401
11405
11383
11394
11395
11435
11467
11470
11459
11383
11393
11404
11445
11486
11440
11466
11478
11456
11463
11441
11434
11412
11409
11406
11457
11448
11447
11468
11472
11493
11489
11416
11448
11473
11475
11444
11443
11427
11506
11441
11442
11512
11423
11469
11479
11508
11429
11469
11477
11510
11449
11465
11524
11461
11509
11479
11433
11509
11489
11433
11478
11501
11440
11456
11530
11496
11524
11477
11444
11530
11507
11466
11490
11453
11494
11467
11493
11498
11456
11529
11499
11550
11528
11551
11535
11520
11513
11473
11503
11553
11561
11556
11559
11526
11551
11491
11509
11523
11527
11515
11513
11574
11535
11478
11514
11546
11522
11494
11579
11527
11501
11509
11515
11549
11514
11536
11516
11562
11496
11590
11570
11578
11509
11521
11509
11538
11512
11588
11538
11547
11555
11537
11507
11561
11576
11575
11541
11570
11598
11581
11583
11540
11564
11543
11580
11580
11530
11592
11545
11537
11550
11555
11548
11530
11552
11575
11557
11545
11536
11608
11618
11550
11596
11571
11556
11577
11566
11548
11560
11565
11585
11577
11610
11632
11641
11632
11568
11575
11624
11634
11565
11649
11601
11617
11625
11620
11576
11575
11641
11613
11565
11614
11569
11640
11595
11637
11590
11580
11617
11629
11654
11584
11608
11607
11672
11643
11662
11609
11649
11649
11658
11669
11619
11663
11685
11676
11626
11651
11669
11690
11601
11629
11649
11643
11673
11684
11621
11692
11671
11678
11687
11638
11664
11623
11636
11650
11659
11621
11639
11633
11674
11664
11682
11667
11706
11654
11627
11690
11720
11681
11677
11698
11644
11693
11653
11719
11696
11719
11651
11677
11657
11680
11678
11730
11722
11703
11673
11669
11736
11682
11664
11690
11647
11687
11733
11674
11667
11656
11729
11731
11685
11676
11695
11668
11687
11732
11741
11711
11673
11739
11713
11681
11754
11764
11715
11731
11714
11725
11726
11711
11689
11689
11695
11772
11686
11690
11734
11734
11688
11776
11748
11697
11737
11782
11738
11748
11769
11717
11779
11718
11734
11699
11749
11772
11722
11753
11796
11763
11716
11778
11711
11713
11778
11748
11718
11711
11723
11792
11746
11713
11774
11802
11770
11769
11736
11817
11775
11781
11753
11810
11733
11816
11824
11798
11822
11740
11785
11796
11784
11764
11775
11785
11820
11833
11771
11803
11795
11805
11796
11794
11828
11805
11762
11766
11842
11768
11822
11816
11776
11818
11764
11847
11781
11828
11824
11783
11768
11846
11810
11775
11859
11767
11829
11850
11841
11797
11867
11806
11796
11791
11835
11810
11835
11788
11813
11836
11809
11844
11804
11818
11868
11817
11842
11810
11838
11816
11876
11877
11873
11872
11851
11821
11842
11800
11804
11854
11890
11838
11885
11898
11874
11850
11886
11858
11857
11890
11827
11893
11910
11893
11911
11860
11836
11866
11862
11884
11896
11856
11885
11863
11872
11834
11900
11919
11910
11923
11851
11892
11930
11841
11866
11893
11881
11851
11886
11920
11895
11927
11866
11923
11939
11892
11881
11922
11875
11945
11945
11926
11924
11935
11888
11864
11927
11876
11931
11933
11915
11944
11876
11947
11885
11920
11942
11901
11936
11886
11906
11942
11949
11881
11937
11902
11954
11974
11899
11970
11937
11956
11955
11924
11916
11948
11928
11950
11929
11947
11919
11891
11982
11929
11966
11952
11896
11944
11921
11968
11944
11946
11935
11956
11973
11909
11912
11939
11914
11949
11989
12008
12002
12007
11982
11955
11964
11952
11993
11933
11947
11977
11961
11970
11937
11943
12014
11947
11950
11959
12012
11966
11946
11967
12032
12001
11983
11999
12015
11981
11961
12019
11995
12003
12037
12014
11981
12007
12009
12043
12048
11977
12029
12003
12002
12009
12037
11985
12024
11994
12002
11999
12005
12062
12049
12001
11993
12048
12059
11979
12027
12020
11977
12022
12031
11987
12012
11997
12067
11998
12055
12055
12034
12027
12072
11985
12032
12062
12028
12033
12043
11996
12039
12040
12043
12025
12074
12004
12072
12068
12000
12002
12101
12092
12089
12059
12032
12077
12035
12023
12040
12058
12082
12020
12028
12053
12039
12082
12020
12040
12082
12119
12051
12086
12093
12038
12084
12072
12126
12119
12096
12042
12113
12069
12074
12035
12097
12039
12091
12128
12069
12129
12119
12048
12092
12077
12071
12067
12095
12105
12115
12054
12058
12060
12099
12132
12082
12068
12090
12075
12124
12066
12111
12119
12138
12103
12111
12075
12162
12145
12159
12139
12113
12171
12150
12146
12134
12086
12132
12112
12085
12137
12084
12143
12086
12097
12117
12133
12091
12139
12128
12131
12150
12146
12128
12152
12099
12139
12152
12195
12117
12147
12191
12196
12175
12183
12169
12204
12202
12183
12200
12159
12191
12125
12169
12136
12176
12194
12214
12208
12169
12158
12168
12166
12138
12127
12201
12196
12173
12171
12171
12143
12178
12186
12193
12223
12213
12169
12163
12166
12168
12148
12238
12144
12195
12173
12162
12170
12234
12150
12160
12238
12186
12236
12156
12195
12207
12169
12162
12249
12178
12166
12164
12174
12237
12241
12236
12181
12247
12241
12238
12258
12261
12212
12200
12255
12222
12263
12232
12245
12271
12222
12268
12244
12217
12281
12255
12277
12235
12197
12206
12270
12287
12211
12235
12200
12279
12263
12226
12265
12218
12250
12230
12274
12291
12230
12304
12271
12290
12216
12288
12234
12217
12235
12253
12293
12274
12299
12234
12224
12236
12294
12277
12313
12322
12323
12247
12315
12228
12286
12293
12284
12293
12269
12268
12258
12301
12312
12258
12247
12248
12264
12314
12296
12284
12256
12273
12326
12289
12310
12273
12316
12292
12329
12276
12332
12286
12291
12304
12340
12337
12298
12339
12306
12355
12346
12303
12296
12354
12345
12292
12295
12346
12325
12315
12323
12342
12334
12289
12343
12379
12331
12308
12300
12312
12311
12353
12337
12334
12298
12316
12371
12332
12329
12317
12359
12317
12396
12298
12378
12352
12392
12353
12338
12382
12305
12397
12361
12350
12333
12364
12332
12364
12401
12340
12367
12343
12387
12347
12327
12366
12404
12389
12350
12391
12418
12397
12385
12419
12360
12404
12400
12368
12421
12359
12345
12388
12433
12425
12410
12392
12343
12416
12414
12383
12387
12417
12415
12437
12367
12425
12402
12429
12373
12437
12437
12385
12446
12407
12456
12388
12417
12444
12454
12371
12406
12422
12433
12395
12419
12412
12411
12456
12397
12457
12401
12429
12415
12476
12409
12400
12460
12458
12398
12482
12398
12416
12450
12435
12453
12438
12445
12405
12443
12478
12428
12428
12451
12492
12468
12470
12453
12434
12485
12436
12455
12475
12435
12503
12508
12492
12412
12435
12498
12493
12453
12436
12503
12433
12484
12461
12487
12426
12453
12463
12524
12437
12440
12450
12466
12439
12498
12453
12505
12494
12503
12453
12500
12467
12493
12477
12474
12495
12474
12506
12451
12525
12469
12478
12460
12499
12539
12540
12469
12477
12471
12475
12498
12540
12519
12461
12466
12524
12516
12472
12546
12550
12490
12552
12486
12491
12564
12526
12496
12546
12574
12506
12486
12549
12510
12578
12496
12517
12577
12517
12534
12577
12541
12570
12553
12503
12557
12494
12498
12574
12583
12504
12521
12520
12499
12587
12576
12515
12506
12572
12522
12529
12530
12535
12563
12585
12532
12599
12587
12599
12583
12575
12595
12544
12551
12535
12613
12583
12592
12606
12620
12579
12602
12604
12600
12625
12542
12616
12602
12562
12624
12557
12604
12606
12614
12551
12568
12580
12556
12559
12641
12547
12570
12641
12615
12567
12601
12613
12557
12626
12616
12571
12625
12590
12601
12601
12625
12576
12589
12643
12614
12646
12593
12585
12645
12615
12634
12666
12604
12640
12617
12672
12639
12601
12585
12607
12593
12601
12609
12621
12656
12644
12681
12602
12636
12668
12644
12650
12624
12679
12683
12602
12676
12635
12635
12627
12677
